15416010000110135110000001101   1     231 0143  3     3 1       7403            21401   1      40002400         016        3     6                   303    111     104080030282
15416010000210135110200001201   1     541 0263  3     3 1       3308 11      11814201   1  4000400024006        036        3     6                   303    111     104110026001
15416010000210235260100001201   1     512 0243  3     3 1       4508 11      14816801   1  4000400016006        036        3     6                   303    111     104130026001
1541601000022030031000102  01   1       0                                                                                                                     1          0017358
1541601000022040031000102  01   1       0                                                                                                                     1          0017358
15416010000310130110200001201   1     331 0173  3     3 1       3308 11      16318501   1  4000400040006          6        3     6                   303    111     104110022833
15416010000310230260100001201   1     54210243  3     3 1       1708 11      02902901   6032000200020006          6        1602406                   303    111     104100022833
1541601000032030036000102  01   1       0                                                                                                                     1          0016826
15416010000410130110000001101   1     541 0273  3     3 1       1501            02801   1      50007000         166        3     1  1  6 021         303    121     104070024890
15416010000510130110200001201   1     231 0163  3     3 1       8208 11      16016001   1  4000400040006          6        3     6                   3      111     104160022833
15416010000510230260100001201   1     552 0233  3     3 666    3                                                                  66 04    621035    203      1     609  0022833
1541601000052030036000102  01   1       0                                                                                                                     1          0016826
1541601000061023011000000 2  35033501132  0183  3       666    3                                                                  1 1  11051 1014    103    221     606  0032952
1541601000062031031000200    350235010  0                                                                                                                     1          0015618
1541601000062040531000200  01   1       0                                                                                                                     1          0014324
15416010000710130160000001101   1     511 0213  3     3 1       4708 11      03203901   1  4000400032006        036        3     6                   303    111     104130020776
154160100008101351102000012  350235011231 0183  3     3 1       8601            01201   606    20002000           1460832003     6                   3      111     104070026001
154160100008102352601000012  350235010232 0173  3     3 1       9708 11      06406401   1  3500350028006        036        3     6                   303    111     104140026001
